,c_connector_arm_Q,cross_Q,ground_main_plane,misc
c_connector_arm_Q,38.09174,-1.2913,-36.49623,3
cross_Q,-1.2913,25.66375,-23.62852,50
ground_main_plane,-36.49623,-23.62852,97.27173,10
c_connector_arm_Q,38.06822,-1.24443,-36.56028,3
cross_Q,-1.24443,50.35687,-47.694,100
ground_main_plane,-36.56028,-47.694,126.19367,10
c_connector_arm_Q,55.77161,-2.55022,-52.81711,3
cross_Q,-2.55022,50.29541,-46.32784,100
ground_main_plane,-52.81711,-46.32784,140.88694,60
c_connector_arm_Q,37.93924,-1.18208,-36.52184,3
cross_Q,-1.18208,76.77452,-73.85946,150
ground_main_plane,-36.52184,-73.85946,157.52153,10
c_connector_arm_Q,55.7543,-2.33566,-53.04779,3
cross_Q,-2.33566,76.83656,-72.76357,150
ground_main_plane,-53.04779,-72.76357,172.66051,60
c_connector_arm_Q,74.29734,-4.32879,-69.46926,3
cross_Q,-4.32879,76.96876,-70.90337,150
ground_main_plane,-69.46926,-70.90337,187.03496,110
c_connector_arm_Q,37.98048,-1.14255,-36.61841,3
cross_Q,-1.14255,104.05495,-100.85551,200
ground_main_plane,-36.61841,-100.85551,189.19562,10
c_connector_arm_Q,55.77976,-2.24243,-53.2061,3
cross_Q,-2.24243,104.07957,-99.78259,200
ground_main_plane,-53.2061,-99.78259,204.56187,60
c_connector_arm_Q,73.85276,-4.00071,-69.40181,3
cross_Q,-4.00071,104.00633,-97.94329,200
ground_main_plane,-69.40181,-97.94329,218.8347,110
c_connector_arm_Q,92.71468,-6.20173,-85.95242,3
cross_Q,-6.20173,104.20526,-95.9567,200
ground_main_plane,-85.95242,-95.9567,233.1972,160
c_connector_arm_Q,37.95955,-1.12615,-36.65092,3
cross_Q,-1.12615,131.45167,-128.08172,250
ground_main_plane,-36.65092,-128.08172,221.25669,10
c_connector_arm_Q,55.81408,-2.19788,-53.33246,3
cross_Q,-2.19788,131.58558,-127.14208,250
ground_main_plane,-53.33246,-127.14208,236.81194,60
c_connector_arm_Q,74.00616,-3.88822,-69.73793,3
cross_Q,-3.88822,131.52749,-125.38998,250
ground_main_plane,-69.73793,-125.38998,251.3727,110
c_connector_arm_Q,92.29811,-5.81422,-86.00403,3
cross_Q,-5.81422,131.51843,-123.45436,250
ground_main_plane,-86.00403,-123.45436,265.5961,160
c_connector_arm_Q,111.07945,-8.09644,-102.40666,3
cross_Q,-8.09644,131.72904,-121.39402,250
ground_main_plane,-102.40666,-121.39402,279.69489,210
c_connector_arm_Q,37.9969,-1.10815,-36.73488,3
cross_Q,-1.10815,159.23435,-155.74911,300
ground_main_plane,-36.73488,-155.74911,253.7495,10
c_connector_arm_Q,55.74976,-2.17033,-53.33267,3
cross_Q,-2.17033,159.25799,-154.69045,300
ground_main_plane,-53.33267,-154.69045,269.15854,60
c_connector_arm_Q,73.94718,-3.82801,-69.79173,3
cross_Q,-3.82801,159.2219,-152.99813,300
ground_main_plane,-69.79173,-152.99813,283.8326,110
c_connector_arm_Q,92.43231,-5.67865,-86.33791,3
cross_Q,-5.67865,159.37512,-151.3003,300
ground_main_plane,-86.33791,-151.3003,298.48736,160
c_connector_arm_Q,111.01649,-7.67575,-102.8443,3
cross_Q,-7.67575,159.44343,-149.37646,300
ground_main_plane,-102.8443,-149.37646,312.92915,210
c_connector_arm_Q,128.90188,-9.96125,-118.36013,3
cross_Q,-9.96125,159.1695,-146.80974,300
ground_main_plane,-118.36013,-146.80974,325.89909,260
c_connector_arm_Q,37.9838,-1.0959,-36.7323,3
cross_Q,-1.0959,186.88199,-183.29759,350
ground_main_plane,-36.7323,-183.29759,286.14172,10
c_connector_arm_Q,55.70957,-2.14801,-53.3331,3
cross_Q,-2.14801,186.88851,-182.24953,350
ground_main_plane,-53.3331,-182.24953,301.61177,60
c_connector_arm_Q,73.90636,-3.78875,-69.80812,3
cross_Q,-3.78875,186.83626,-180.55366,350
ground_main_plane,-69.80812,-180.55366,316.30786,110
c_connector_arm_Q,92.37537,-5.60278,-86.38338,3
cross_Q,-5.60278,186.99827,-178.89271,350
ground_main_plane,-86.38338,-178.89271,330.92603,160
c_connector_arm_Q,110.38697,-7.52467,-102.40181,3
cross_Q,-7.52467,186.76474,-176.7472,350
ground_main_plane,-102.40181,-176.7472,344.97451,210
c_connector_arm_Q,128.92308,-9.52069,-118.865,3
cross_Q,-9.52069,186.8785,-174.8551,350
ground_main_plane,-118.865,-174.8551,359.28078,260
c_connector_arm_Q,147.49229,-11.83876,-135.03777,3
cross_Q,-11.83876,186.99959,-172.65354,350
ground_main_plane,-135.03777,-172.65354,373.05191,310
c_connector_arm_Q,37.95338,-1.08816,-36.73148,3
cross_Q,-1.08816,214.5126,-210.65779,400
ground_main_plane,-36.73148,-210.65779,317.68737,10
c_connector_arm_Q,55.65889,-2.128,-53.31175,3
cross_Q,-2.128,214.50999,-209.61985,400
ground_main_plane,-53.31175,-209.61985,333.15548,60
c_connector_arm_Q,73.87661,-3.74427,-69.83943,3
cross_Q,-3.74427,214.49329,-207.97828,400
ground_main_plane,-69.83943,-207.97828,347.93068,110
c_connector_arm_Q,92.09026,-5.54029,-86.17619,3
cross_Q,-5.54029,214.43041,-206.12396,400
ground_main_plane,-86.17619,-206.12396,362.36646,160
c_connector_arm_Q,110.34613,-7.39579,-102.48489,3
cross_Q,-7.39579,214.41131,-204.24547,400
ground_main_plane,-102.48489,-204.24547,376.69409,210
c_connector_arm_Q,129.36149,-9.31775,-119.50401,3
cross_Q,-9.31775,214.8663,-202.76814,400
ground_main_plane,-119.50401,-202.76814,391.78188,260
c_connector_arm_Q,147.43611,-11.31646,-135.49665,3
cross_Q,-11.31646,214.71916,-200.62593,400
ground_main_plane,-135.49665,-200.62593,405.63923,310
c_connector_arm_Q,165.97953,-13.64219,-151.6427,3
cross_Q,-13.64219,214.74553,-198.32205,400
ground_main_plane,-151.6427,-198.32205,419.34701,360
c_connector_arm_Q,38.03986,-1.0863,-36.8296,3
cross_Q,-1.0863,242.78181,-239.04053,450
ground_main_plane,-36.8296,-239.04053,350.9594,10
c_connector_arm_Q,55.59837,-2.13243,-53.27811,3
cross_Q,-2.13243,242.47353,-237.68821,450
ground_main_plane,-53.27811,-237.68821,366.09179,60
c_connector_arm_Q,73.82033,-3.7577,-69.80513,3
cross_Q,-3.7577,242.4998,-236.08912,450
ground_main_plane,-69.80513,-236.08912,380.93388,110
c_connector_arm_Q,92.22054,-5.54916,-86.34813,3
cross_Q,-5.54916,242.66942,-234.46638,450
ground_main_plane,-86.34813,-234.46638,395.72043,160
c_connector_arm_Q,110.44286,-7.39831,-102.65573,3
cross_Q,-7.39831,242.54982,-232.49635,450
ground_main_plane,-102.65573,-232.49635,410.00364,210
c_connector_arm_Q,128.72384,-9.29989,-118.9717,3
cross_Q,-9.29989,242.50748,-230.55013,450
ground_main_plane,-118.9717,-230.55013,424.30917,260
c_connector_arm_Q,147.68307,-11.23421,-135.93088,3
cross_Q,-11.23421,242.97546,-229.08581,450
ground_main_plane,-135.93088,-229.08581,439.608,310
c_connector_arm_Q,166.31464,-13.26503,-152.47161,3
cross_Q,-13.26503,242.99124,-227.06709,450
ground_main_plane,-152.47161,-227.06709,453.98981,360
c_connector_arm_Q,184.70109,-15.60776,-168.4546,3
cross_Q,-15.60776,242.94045,-224.67119,450
ground_main_plane,-168.4546,-224.67119,467.50448,410
c_connector_arm_Q,37.92146,-1.08199,-36.71959,3
cross_Q,-1.08199,270.20863,-266.44427,500
ground_main_plane,-36.71959,-266.44427,382.77714,10
c_connector_arm_Q,55.58167,-2.12348,-53.27532,3
cross_Q,-2.12348,270.21835,-265.41524,500
ground_main_plane,-53.27532,-265.41524,398.22965,60
c_connector_arm_Q,73.95291,-3.75548,-69.96121,3
cross_Q,-3.75548,270.47196,-264.0378,500
ground_main_plane,-69.96121,-264.0378,413.4018,110
c_connector_arm_Q,92.79916,-5.5444,-86.97748,3
cross_Q,-5.5444,271.3092,-263.10283,500
ground_main_plane,-86.97748,-263.10283,429.17954,160
c_connector_arm_Q,111.14316,-7.38689,-103.42405,3
cross_Q,-7.38689,271.21435,-261.16197,500
ground_main_plane,-103.42405,-261.16197,443.71509,210
c_connector_arm_Q,129.53106,-9.26676,-119.87856,3
cross_Q,-9.26676,271.2261,-259.29082,500
ground_main_plane,-119.87856,-259.29082,458.19718,260
c_connector_arm_Q,147.68216,-11.17492,-136.07228,3
cross_Q,-11.17492,271.05801,-257.21187,500
ground_main_plane,-136.07228,-257.21187,472.37913,310
c_connector_arm_Q,166.25917,-13.13208,-152.64195,3
cross_Q,-13.13208,271.11986,-255.31842,500
ground_main_plane,-152.64195,-255.31842,486.91973,360
c_connector_arm_Q,184.72465,-15.17732,-169.00959,3
cross_Q,-15.17732,271.10626,-253.25929,500
ground_main_plane,-169.00959,-253.25929,501.15197,410
c_connector_arm_Q,203.29856,-17.49982,-185.20639,3
cross_Q,-17.49982,271.09893,-250.95418,500
ground_main_plane,-185.20639,-250.95418,514.87987,460
